accuracy,auc,precision,recall,f1,dp,optimal_threshold,accuracy_optimal,precision_optimal,recall_optimal,f1_optimal,dp_optimal,dpe,abpc,abcc,lambda
0.7148662041625372,0.7495657044280897,0.7420508744038156,0.4559218559218559,0.5648162153985782,0.2556175230887213,0.21,0.5627353815659069,0.48059262887229093,0.9584859584859585,0.6401892024139618,0.2556175230887213,0.37586525,1.676213693464453,0.37592840642952174,0.0
0.5941526263627354,0.7422868874245021,0.0,0.0,0.0,0.0,0.39,0.5628344895936571,0.4803188839063279,0.9416361416361416,0.636146168440155,0.0,0.030133963,1.9999999999999987,0.030132819645295333,0.025
0.5941526263627354,0.7403916572723912,0.0,0.0,0.0,0.0,0.4,0.5626362735381566,0.4801893845003738,0.9411477411477411,0.6359211286197508,0.0,0.015089333,2.000000000379568,0.015089496681400477,0.05
0.5941526263627354,0.7405093581240371,0.0,0.0,0.0,0.0,0.41000000000000003,0.5688800792864221,0.48364755675259713,0.9208791208791208,0.6342078708375378,0.0,0.009824872,2.0000009783600357,0.009826162916942495,0.075
0.5941526263627354,0.7403810868031052,0.0,0.0,0.0,0.0,0.41000000000000003,0.5641228939544103,0.4810364250844912,0.9384615384615385,0.6360476663356505,0.0,0.007919669,2.0022676086193014,0.007920521065081782,0.1
0.5941526263627354,0.7401245034272557,0.0,0.0,0.0,0.0,0.41000000000000003,0.566402378592666,0.4823008849557522,0.9316239316239316,0.6355685131195336,0.0,0.005709648,1.9983651544010685,0.005712550479062102,0.125
0.5941526263627354,0.7409755178562517,0.0,0.0,0.0,0.0,0.41000000000000003,0.5641228939544103,0.4810364250844912,0.9384615384615385,0.6360476663356505,0.0,0.004489243,2.0958501322121936,0.004487019937532505,0.15
0.5941526263627354,0.7395313554946583,0.0,0.0,0.0,0.0,0.41000000000000003,0.56402378592666,0.48097145718577866,0.9382173382173382,0.6359347844078458,0.0,0.004132509,2.021292098465733,0.004133520687820599,0.175
0.5941526263627354,0.7394759980081081,0.0,0.0,0.0,0.0,0.41000000000000003,0.5626362735381566,0.4801893845003738,0.9411477411477411,0.6359211286197508,0.0,0.0034973323,1.9944717877827314,0.0034956870933627246,0.2
