accuracy,auc,precision,recall,f1,dp,optimal_threshold,accuracy_optimal,precision_optimal,recall_optimal,f1_optimal,dp_optimal,dpe,abpc,abcc,lambda
0.7486950848194868,0.7142806325216112,0.0,0.0,0.0,0.0,0.22,0.5987385819921706,0.376544315129812,0.9099956728688879,0.5326747720364742,0.0,0.24317446,1.858300910140269,0.24458528400071097,0.0
0.7486950848194868,0.6974553515173398,0.0,0.0,0.0,0.0,0.25,0.6192909960852545,0.37547090832984514,0.7762873215058417,0.506136267456623,0.0,0.088613614,1.9999999999999982,0.08861364432785368,0.025
0.7486950848194868,0.6933083132767507,0.0,0.0,0.0,0.0,0.25,0.6365811222270552,0.37947159223754967,0.7022933794893985,0.49271402550091076,0.0,0.053429917,1.9999999999999996,0.05342897547778842,0.05
0.7486950848194868,0.6963586107552304,0.0,0.0,0.0,0.0,0.23,0.5271857329273597,0.3368572801537722,0.9099956728688879,0.49169978957213,0.0,0.030557618,1.9999999999999987,0.030557734739618713,0.075
0.7486950848194868,0.6916648519112438,0.0,0.0,0.0,0.0,0.23,0.5271857329273597,0.3368572801537722,0.9099956728688879,0.49169978957213,0.0,0.024137467,1.9999999999999996,0.024137073806746137,0.1
0.7486950848194868,0.6870977331426504,0.0,0.0,0.0,0.0,0.23,0.5271857329273597,0.3368572801537722,0.9099956728688879,0.49169978957213,0.0,0.019281387,2.0000000000000027,0.019281694516904098,0.125
0.7486950848194868,0.6837335065442751,0.0,0.0,0.0,0.0,0.24,0.5288168769030013,0.337459807073955,0.9082648204240589,0.49208768022506155,0.0,0.015632033,2.0000000000000178,0.01563107615952498,0.15
0.7486950848194868,0.6909099765040236,0.0,0.0,0.0,0.0,0.24,0.5271857329273597,0.3368572801537722,0.9099956728688879,0.49169978957213,0.0,0.010796353,1.9999999999659035,0.01079526743914961,0.175
0.7486950848194868,0.6931721830517871,0.0,0.0,0.0,0.0,0.24,0.5271857329273597,0.3368572801537722,0.9099956728688879,0.49169978957213,0.0,0.0107834935,2.0000000000126463,0.010783273386143127,0.2
