accuracy,auc,precision,recall,f1,dp,optimal_threshold,accuracy_optimal,precision_optimal,recall_optimal,f1_optimal,dp_optimal,dpe,abpc,abcc,lambda
0.6935452033162258,0.656902445553341,0.5289855072463768,0.023450048185030516,0.04490925868963396,0.018486269256530477,0.25,0.5516186340307935,0.3916009702850212,0.8297462255059428,0.5320836337418889,0.018486269256530477,0.20984633,1.6031525231532098,0.20984628535576383,0.0
0.6926569285432294,0.6444892338710582,0.4967741935483871,0.024734982332155476,0.047123623011015914,0.020763563295378432,0.27,0.5532964863797868,0.3917904732730893,0.8217153870864118,0.5305953121758972,0.020763563295378432,0.16643901,1.4897631619530887,0.16643927865043365,0.05
0.6912751677852349,0.639944596253746,0.4,0.009637006103437198,0.018820577164366373,0.010046885465505693,0.24,0.5383932096328464,0.3856390757531442,0.8470928364921297,0.5299969852276153,0.010046885465505693,0.13637471,1.3600666355770854,0.13637556669429482,0.1
0.6930517173312278,0.6389031844957382,1.0,0.0009637006103437199,0.0019255455712451862,0.0004018754186202277,0.24,0.5064153178049743,0.3715995647442873,0.8776100224863476,0.5221213569039655,0.0004018754186202277,0.08346294,1.0445268379423738,0.08346249923130279,0.15
0.6926569285432294,0.6246232805664877,0.0,0.0,0.0,0.00013395847287340923,0.24,0.4674299249901303,0.35585301174390704,0.9052361066495342,0.5108774474256708,0.00013395847287340923,0.057710946,0.7314309346545909,0.05771082367249475,0.2
0.6929530201342282,0.6042891381920681,0.75,0.0009637006103437199,0.0019249278152069298,0.0005358338914936369,0.28,0.44078168180023686,0.34648226097414314,0.9254738194667523,0.5042002100105005,0.0005358338914936369,0.028274745,0.47850643578178553,0.02956691851243078,0.25
0.692755625740229,0.6112949949490043,0.0,0.0,0.0,0.0,0.17,0.4120607974733518,0.3354928273947247,0.9315772566655959,0.4933231266479544,0.0,0.008316487,0.4007549537928374,0.008317042437446635,0.3
0.692755625740229,0.6341850697846565,0.0,0.0,0.0,0.0,0.17,0.4120607974733518,0.3354928273947247,0.9315772566655959,0.4933231266479544,0.0,0.008248121,0.40002862049283616,0.008270570710179347,0.35
0.692755625740229,0.6211893677420112,0.0,0.0,0.0,0.0,0.17,0.4120607974733518,0.3354928273947247,0.9315772566655959,0.4933231266479544,0.0,0.008201003,0.39953183750904353,0.00820775983994728,0.4
0.692755625740229,0.580649960844657,0.0,0.0,0.0,0.0,0.16,0.4120607974733518,0.3354928273947247,0.9315772566655959,0.4933231266479544,0.0,0.0027297437,0.2123467987007248,0.004193378295655751,0.45
0.692755625740229,0.6176569887607621,0.0,0.0,0.0,0.0,0.16,0.4120607974733518,0.3354928273947247,0.9315772566655959,0.4933231266479544,0.0,0.007348776,0.3856689954737765,0.007352328823871055,0.5
