accuracy,auc,precision,recall,f1,dp,optimal_threshold,accuracy_optimal,precision_optimal,recall_optimal,f1_optimal,dp_optimal,dpe,abpc,abcc,lambda
0.7486950848194868,0.7093571303547461,0.0,0.0,0.0,0.0,0.28,0.6014571552849065,0.37784193431974017,0.9061012548680225,0.5332993760346364,0.0,0.24299067,1.8542504430421516,0.24417294562665362,0.0
0.7486950848194868,0.7101319602155333,0.0,0.0,0.0,0.0,0.19,0.5987385819921706,0.376544315129812,0.9099956728688879,0.5326747720364742,0.0,0.21525154,1.8362137625858599,0.21622220417121996,0.05
0.7486950848194868,0.7138953387339197,0.0,0.0,0.0,0.0,0.2,0.5988473249238799,0.3766117478510029,0.9099956728688879,0.5327422419252692,0.0,0.1827397,1.8364803960089724,0.18429514896048546,0.1
0.7486950848194868,0.711464509197432,0.0,0.0,0.0,0.0,0.25,0.5993910395824271,0.3767283174717184,0.9078321073128516,0.5324873096446701,0.0,0.13629384,1.811549885838482,0.138585522295473,0.15
0.7486950848194868,0.7065822043354899,0.0,0.0,0.0,0.0,0.24,0.5922140060896042,0.3726323243051868,0.9108610990913024,0.5288944723618091,0.0,0.076601505,1.6683825682490392,0.07743708443053267,0.2
0.7486950848194868,0.6905123015278198,0.0,0.0,0.0,0.0,0.26,0.5635058721183123,0.3454908365088006,0.8238857637386413,0.48683201227307593,0.0,0.026794702,0.9324144033012903,0.0272783561627765,0.25
0.7486950848194868,0.6722755021844626,0.0,0.0,0.0,0.0,0.26,0.44954327968682034,0.30486593843098314,0.9299004759844224,0.45918803418803417,0.0,0.014698371,0.49816038081202235,0.01522648265087743,0.3
0.7486950848194868,0.6515291239177851,0.0,0.0,0.0,0.0,0.27,0.5824271422357546,0.33590899334621166,0.6771960190393769,0.4490674318507891,0.0,0.013417169,0.4025011028821363,0.01376795302271558,0.35
0.7486950848194868,0.6500898264653876,0.0,0.0,0.0,0.0,0.27,0.5444758590691605,0.3289617486338798,0.7814798788403289,0.46301756185104476,0.0,0.0082178265,0.27559687637842756,0.008616340149769757,0.4
0.7486950848194868,0.6451866558441253,0.0,0.0,0.0,0.0,0.25,0.3690735102218356,0.28303293971410814,0.9852877542189529,0.43974507531865586,0.0,0.00013002753,0.1961851985148248,0.0064522308120122576,0.45
0.7486950848194868,0.6246402306294891,0.0,0.0,0.0,0.0,0.26,0.3637451065680731,0.2821806546886537,0.9922111639982691,0.43939829452907925,0.0,0.0063208193,0.21871001454367467,0.006537701763081764,0.5
