accuracy,auc,precision,recall,f1,dp,optimal_threshold,accuracy_optimal,precision_optimal,recall_optimal,f1_optimal,dp_optimal,dpe,abpc,abcc,lambda
0.7486950848194868,0.7103412777197998,0.0,0.0,0.0,0.0,0.28,0.600587211831231,0.3773856679870364,0.906966681090437,0.5329942784488239,0.0,0.08443031,0.618815512142492,0.08569075851844998,0.0
0.7486950848194868,0.6729020091777916,0.0,0.0,0.0,0.0,0.23,0.4656372335798173,0.31216625775725215,0.9359584595413241,0.4681818181818182,0.0,0.014147997,1.496059908532494,0.014148471102557843,0.025
0.7486950848194868,0.6704761761107796,0.0,0.0,0.0,0.0,0.24,0.5574162679425837,0.3257380622151773,0.7113803548247511,0.44686055993476487,0.0,0.0076369047,1.5637190937549958,0.007636941735435587,0.05
0.7486950848194868,0.6633920308511564,0.0,0.0,0.0,0.0,0.24,0.48260113092648976,0.31368966042332874,0.8913890090869754,0.46406848389276867,0.0,0.0049597174,1.6423548167940862,0.004959921541398625,0.075
0.7486950848194868,0.6624776455127462,0.0,0.0,0.0,0.0,0.24,0.4672683775554589,0.31230055120394545,0.9316313284292514,0.46778924497555674,0.0,0.0040205866,1.7237716432901586,0.004020669265494549,0.1
0.7486950848194868,0.6603959403528388,0.0,0.0,0.0,0.0,0.24,0.46541974771639844,0.31218457101658253,0.9368238857637387,0.4683106208089985,0.0,0.0030844212,1.707627767797126,0.0030848036274435876,0.125
0.7486950848194868,0.6704838122245068,0.0,0.0,0.0,0.0,0.24,0.3352544584602001,0.2717887154861945,0.9796624837732584,0.425523916925101,0.0,0.0023808777,1.556687345476345,0.0023814059619074084,0.15
0.7486950848194868,0.6590773437762687,0.0,0.0,0.0,0.0,0.24,0.28447150935189214,0.2592216582064298,0.9943747295543055,0.4112383679312813,0.0,0.0021302253,1.7482820823357557,0.002131256080071871,0.175
0.7486950848194868,0.663511191934504,0.0,0.0,0.0,0.0,0.24,0.29512831665941713,0.261629900560064,0.9904803115534401,0.4139240506329114,0.0,0.001933679,1.629280321067447,0.001934761810492967,0.2
