accuracy,auc,precision,recall,f1,dp,optimal_threshold,accuracy_optimal,precision_optimal,recall_optimal,f1_optimal,dp_optimal,dpe,abpc,abcc,lambda
0.6935452033162258,0.6518398480339743,0.518348623853211,0.036299389656280115,0.06784749324527169,0.029202947086403214,0.24,0.5519147256217923,0.3916147653045724,0.8281400578220366,0.5317656765676567,0.029202947086403214,0.21832608,1.6441012518457083,0.21832696001054558,0.0
0.692755625740229,0.6426448069205208,0.0,0.0,0.0,0.0,0.28,0.49131464666403474,0.3632953784326859,0.8711853517507228,0.5127623369256948,0.0,0.022587508,2.000000000000365,0.022587318554836422,0.025
0.692755625740229,0.6404741579084113,0.0,0.0,0.0,0.0,0.29,0.5245756020529017,0.37492660011743983,0.8204304529392868,0.5146599496221662,0.0,0.011137933,1.9999996298801352,0.011139416104610335,0.05
0.692755625740229,0.6388570749661318,0.0,0.0,0.0,0.0,0.0,0.307244374259771,0.307244374259771,1.0,0.4700641751604379,0.0,0.00707373,1.9961973888779414,0.007073846696709787,0.075
0.692755625740229,0.6352443761591169,0.0,0.0,0.0,0.0,0.0,0.307244374259771,0.307244374259771,1.0,0.4700641751604379,0.0,0.005597472,2.0078422046549504,0.005596706674395115,0.1
0.692755625740229,0.6365416900856549,0.0,0.0,0.0,0.0,0.29,0.609751283063561,0.40923807468163176,0.6090587857372309,0.4895429899302866,0.0,0.004502207,1.9608634369083155,0.004497184009735778,0.125
0.692755625740229,0.6384027530798764,0.0,0.0,0.0,0.0,0.0,0.307244374259771,0.307244374259771,1.0,0.4700641751604379,0.0,0.003289163,1.9527349735635546,0.0032961880517723067,0.15
0.692755625740229,0.6351178323880384,0.0,0.0,0.0,0.0,0.0,0.307244374259771,0.307244374259771,1.0,0.4700641751604379,0.0,0.0028431416,1.9609521613482044,0.0028414629507194514,0.175
0.692755625740229,0.6359389481452916,0.0,0.0,0.0,0.0,0.29,0.49131464666403474,0.3632953784326859,0.8711853517507228,0.5127623369256948,0.0,0.0023491085,1.9801903239302798,0.002346755896605825,0.2
