accuracy,auc,precision,recall,f1,dp,optimal_threshold,accuracy_optimal,precision_optimal,recall_optimal,f1_optimal,dp_optimal,dpe,abpc,abcc,lambda
0.6829846032372681,0.6456712625320096,0.4104882459312839,0.07292001284934146,0.12384069830878341,0.023280704579082302,0.28,0.5531977891827872,0.39153114452285975,0.8197879858657244,0.5299553525075278,0.023280704579082302,0.07530758,0.5219563903135517,0.07552657695758755,0.0
0.692755625740229,0.6086548525279944,0.0,0.0,0.0,0.0,0.0,0.307244374259771,0.307244374259771,1.0,0.4700641751604379,0.0,0.0065424144,1.9999964527185417,0.006543652828213935,0.025
0.692755625740229,0.6093152599842921,0.0,0.0,0.0,0.0,0.29,0.4484800631662061,0.3477297895902547,0.9078059749437841,0.5028469750889679,0.0,0.003434658,1.9999993275292014,0.0034342880185107543,0.05
0.692755625740229,0.6066089624019463,0.0,0.0,0.0,0.0,0.0,0.307244374259771,0.307244374259771,1.0,0.4700641751604379,0.0,0.002264142,1.9999944598785309,0.0022632093079472636,0.075
0.692755625740229,0.6073731220206435,0.0,0.0,0.0,0.0,0.0,0.307244374259771,0.307244374259771,1.0,0.4700641751604379,0.0,0.0015850961,1.9984508413987059,0.0015862476415003555,0.1
0.692755625740229,0.6076931656340802,0.0,0.0,0.0,0.0,0.0,0.307244374259771,0.307244374259771,1.0,0.4700641751604379,0.0,0.001334548,2.001424750262527,0.0013325317749619332,0.125
0.692755625740229,0.6062906807903855,0.0,0.0,0.0,0.0,0.0,0.307244374259771,0.307244374259771,1.0,0.4700641751604379,0.0,0.0010077357,2.0959592425538323,0.0010074223303335977,0.15
0.692755625740229,0.6095691255532514,0.0,0.0,0.0,0.0,0.0,0.307244374259771,0.307244374259771,1.0,0.4700641751604379,0.0,0.00088462234,2.022394084676276,0.0008915490883906652,0.175
0.692755625740229,0.6074568514344549,0.0,0.0,0.0,0.0,0.0,0.307244374259771,0.307244374259771,1.0,0.4700641751604379,0.0,0.0006323159,2.094819394800498,0.0006357735353440318,0.2
