accuracy,auc,precision,recall,f1,dp,optimal_threshold,accuracy_optimal,precision_optimal,recall_optimal,f1_optimal,dp_optimal,dpe,abpc,abcc,lambda
0.7105054509415263,0.7454100232081883,0.7285825545171339,0.4568986568986569,0.5616088848866877,0.05446819942114975,0.25,0.5633300297324083,0.4808190452695202,0.9518925518925518,0.6389116538272415,0.05446819942114975,0.08257002,0.4531256246043776,0.0828039569671609,0.0
0.7120911793855302,0.7474977010756827,0.732421875,0.45787545787545786,0.5634861006761833,0.06117510954837907,0.23,0.5607532210109019,0.4794937325057807,0.9621489621489622,0.6400259909031839,0.06117510954837907,0.08446565,0.47610490416118895,0.08471360332854493,0.05
0.7132804757185331,0.7456831649492199,0.7388712241653418,0.45396825396825397,0.562396006655574,0.06800634053023594,0.21,0.5611496531219029,0.47971738335972713,0.9616605616605617,0.6401170351105332,0.06800634053023594,0.08439812,0.4398041064117848,0.08458422592159617,0.1
0.7120911793855302,0.740358764578948,0.741869918699187,0.4456654456654457,0.5568268497330282,0.054841161985032416,0.26,0.5586719524281467,0.47779707268667826,0.9406593406593406,0.6337089742535165,0.054841161985032416,0.055743456,0.36988513003965695,0.0568600906856992,0.15
0.7145688800792864,0.7470943735163919,0.7434869739478958,0.452991452991453,0.5629742033383915,0.07347366674736688,0.27,0.565213082259663,0.481908302354399,0.9496947496947497,0.6393752568845047,0.07347366674736688,0.0823746,0.4176145115888213,0.08248154918899432,0.2
0.7132804757185331,0.7484008550063596,0.7463114754098361,0.44468864468864466,0.5573068094873757,0.06215001169257636,0.27,0.5677898909811695,0.48331660812844957,0.9409035409035409,0.6386011436148172,0.06215001169257636,0.054801166,0.317525546222457,0.05569420203620484,0.25
0.7156590683845392,0.746554953710917,0.75,0.4490842490842491,0.5617840232167405,0.0665925657712107,0.25,0.5629335976214074,0.48069143067304154,0.9575091575091575,0.6400587659157688,0.0665925657712107,0.049076676,0.21994325017639046,0.0502762212927313,0.3
0.7113974231912785,0.7458815801935068,0.7465610671112963,0.43736263736263736,0.5515860794579612,0.05600933639619257,0.33,0.5272547076313181,0.4606597505536776,0.9650793650793651,0.6236389458734417,0.05600933639619257,0.037562072,0.13290258924867854,0.03934947225558495,0.35
0.7175421209117938,0.7398057192552605,0.7521263669501823,0.4534798534798535,0.5658135283363802,0.05333877112084878,0.1,0.4969276511397423,0.4459504132231405,0.9882783882783883,0.6145785876993166,0.05333877112084878,0.028796822,0.11989008147616348,0.03084284280185235,0.4
0.7101090188305252,0.7295038295038295,0.7532467532467533,0.4249084249084249,0.5433255269320844,0.07161364511370508,0.31,0.4161546085232904,0.4100200400801603,0.9992673992673993,0.5814564831261101,0.07161364511370508,0.031526536,0.14420089450479207,0.03154116851782296,0.45
0.7111000991080277,0.744261385912762,0.7148579752367079,0.4793650793650794,0.5738927057447741,0.05436729288297687,0.0,0.40584737363726464,0.40584737363726464,1.0,0.5773704617553754,0.05436729288297687,0.02348581,0.10892709842546267,0.02347936122258032,0.5
