accuracy,auc,precision,recall,f1,dp,optimal_threshold,accuracy_optimal,precision_optimal,recall_optimal,f1_optimal,dp_optimal,dpe,abpc,abcc,lambda
0.7111000991080277,0.742834148522222,0.7350597609561753,0.45054945054945056,0.558667676003028,0.05569607617302083,0.27,0.5674925668979187,0.4829811464001012,0.9321123321123321,0.6362727121186864,0.05569607617302083,0.08908555,0.42857259247941965,0.08918272031415148,0.0
0.5941526263627354,0.6966807504422182,0.0,0.0,0.0,0.0,0.0,0.40584737363726464,0.40584737363726464,1.0,0.5773704617553754,0.0,0.006674707,1.8715630703042412,0.006674324984955,0.025
0.5941526263627354,0.6955222962562413,0.0,0.0,0.0,0.0,0.41000000000000003,0.563230921704658,0.4783633841886269,0.8422466422466423,0.610172490048651,0.0,0.0033091009,1.9027667291066708,0.0033094257755170234,0.05
0.5941526263627354,0.6956305875571931,0.0,0.0,0.0,0.0,0.41000000000000003,0.5572844400396432,0.4748444684879632,0.8573870573870573,0.6111933153451127,0.0,0.0021562874,1.89713911442175,0.002155313625891349,0.075
0.5941526263627354,0.6947184517826719,0.0,0.0,0.0,0.0,0.41000000000000003,0.5069375619425174,0.45028248587570624,0.9731379731379731,0.615681730397837,0.0,0.0015893579,1.9199140361198657,0.001589402761594267,0.1
0.5941526263627354,0.6960317562152425,0.0,0.0,0.0,0.0,0.41000000000000003,0.5105054509415262,0.4514942528735632,0.9592185592185593,0.6139898397811645,0.0,0.0012088418,1.9016810581461088,0.0012119705160095454,0.125
0.5941526263627354,0.695126708154231,0.0,0.0,0.0,0.0,0.0,0.40584737363726464,0.40584737363726464,1.0,0.5773704617553754,0.0,0.0010309219,1.8934640809675396,0.0010341070725897014,0.15
0.5941526263627354,0.6987068588903451,0.0,0.0,0.0,0.0,0.0,0.40584737363726464,0.40584737363726464,1.0,0.5773704617553754,0.0,0.0007067919,1.797632142203716,0.0007071578794138951,0.175
0.5941526263627354,0.6937183509660575,0.0,0.0,0.0,0.0,0.0,0.40584737363726464,0.40584737363726464,1.0,0.5773704617553754,0.0,0.00073596835,1.9154343690986355,0.0007461579360136703,0.2
